0.001659747647294707
0.001659754209601183
0.0016597607929315084
0.0016597673972862381
0.0016597740226663715
0.0016597806690727968
0.001659787336506069
0.0016597940459616156
0.0016598007764463407
0.0016598075279610214
0.0016598143215017513
0.0016598211150791187
0.001659827929688884
0.0016598347653320467
0.0016598416430054774
0.0016598485417143038
0.0016598555034530449
0.0016598624862299571
0.0016598694690485027
0.0016598764729062188
0.0016598835817956958
0.001659890690730026
0.0016598978417061705
0.0016599050137269256
0.0016599122277922707
0.0016599195259022759
0.00165992686606109
0.0016599342692702468
0.0016599416935320077
0.0016599491808478861
0.0016599567102196788
0.0016599643236508976
0.0016599720001435614
0.0016599797186988008
0.0016599875423232158
0.0016599957860510273
0.0016600041138622457
0.0016600126097702228
0.0016600211267617793
0.0016600299798841256
0.0016600392741672465
0.001660048904609912
0.0016600590392564785
0.0016600653302616397
0.0016600716422949802
0.001660077975357055
0.0016600843294489742
0.0016600907045712932
0.001660097100725122
0.0016601035389167684
0.0016601099981420342
0.0016601164784015854
0.0016601229586895583
0.0016601294810200118
0.0016601360243871932
0.0016601425887919907
0.0016601491952428216
0.0016601558227336
0.0016601624922730762
0.0016601692038631377
0.0016601759154877271
0.0016601826481558168
0.0016601894648964333
0.001660196323693519
0.0016602032035388792
0.0016602101254433732
0.001660217068398251
0.0016602240954365355
0.0016602311225174526
0.0016602382126749138
0.0016602453448997245
0.0016602525191934392
0.001660259777582107
0.0016602670360192917
0.0016602743995683955
0.0016602817841817608
0.001660289231886547
0.0016602968057254364
0.0016603043375938986
0.0016603119745879358
0.0016603196956975763
0.0016603274799114054
0.0016603383743781785
0.0016603461587568757
0.0016603540692901042
0.0016603621900449506
0.0016603702688391397
0.0016603784948162614
0.0016603868259494892
0.0016603953463094623
0.0016604015128488525
0.0016604077004258588
0.0016604139090413694
0.0016604201386960504
0.001660426389390679
0.0016604326611262543
0.0016604389749220738
0.0016604453097609495
0.0016604516446245832
0.001660458042571089
0.0016604644405440183
0.0016604708595631124
0.0016604772996294814
0.0016604859468782873
0.0016604924080487748
0.0016604989112894986
0.0016605054776231976
0.0016605120439875387
0.001660518631404484
0.0016605252398749215
0.0016605318693994064
0.0016605386040697834
0.0016605473780041402
0.0016605541337942897
0.0016605608896200774
0.0016605676454813922
0.0016605744854746307
0.0016605813255056168
0.0016605881655743504
0.0016605950687554882
0.0016606020560767654
0.0016606090013886465
0.001660617902131567
0.0016606249947317409
0.0016606321084023934
0.0016606393062240654
0.0016606465040926999
0.0016606556154715735
0.001660662918595901
0.0016606721773380073
0.0016606795226429272
0.0016606869100549426
0.0016606943185474288
0.0016607018532647233
0.00166070932495066
0.001660716922866401
0.0016607246049575863
0.0016607322660785462
0.0016607399903486586
0.0016607478618919647
0.001660755838652772
0.001660763899604456
0.0016607735169312798
0.0016607815780418367
0.0016607897233487101
0.0016607979107911008
0.0016608060772739242
0.0016608144962192428
0.0016608229573087385
0.0016608289576089952
0.0016608349789584143
0.001660841021357995
0.0016608470848085144
0.0016608531693107498
0.0016608592748655893
0.0016608654225084285
0.0016608715912059813
0.0016608777599238511
0.0016608839496976557
0.00166089018156379
0.0016608964344879684
0.0016609027084709682
0.0016609090245501834
0.0016609153406534904
0.0016609217409295773
0.0016609281412320875
0.001660934562598415
0.0016609410050296702
0.0016609470267232584
0.0016609530694717822
0.0016609591332761298
0.0016609652181371892
0.0016609713240556268
0.0016609774510323305
0.0016609836201080252
0.0016609898102440956
0.0016609960004010382
0.0016610025272302265
0.0016610085491053361
0.001661014592038157
0.001661020656029577
0.0016610267410802626
0.0016610328471912128
0.0016610389743630938
0.0016610455434492577
0.0016610520915231186
0.0016610583029363912
0.0016610649352398754
0.001661071567575667
0.001661077736976102
0.0016610843062376812
0.0016610904967282458
0.0016610967714189018
0.0016611030461326504
0.0016611093419146572
0.0016611156587658105
0.001661121849365732
0.0016611280610325796
0.001661134335860237
0.001661140673850925
0.0016611470329133127
0.0016611534761898916
0.001661160129969197
0.0016611665733032854
0.0016611733534340756
0.001661179628440368
0.0016611859245182492
0.0016611922416687186
0.0016611989798266391
0.0016612054443767565
0.0016612119089548516
0.001661218289360833
0.0016612246487422988
0.0016612310291994614
0.0016612378517494308
0.0016612443164680801
0.0016612508233174728
0.0016612572670408055
0.0016612637528954366
0.0016612703650915606
0.0016612771667914306
0.0016612837580007866
0.001661290349241229
0.0016612968773530579
0.0016613035318157054
0.0016613101863112156
0.00166131681978543
0.0016613235164549822
0.0016613302763223148
0.001661336867786023
0.0016613437540534681
0.0016613504929714473
0.0016613574003704334
0.001661363949856609
0.0016613705625416753
0.001661377364767458
0.0016613840617457631
0.0016613909903860913
0.0016613976874351177
0.0016614045319217619
0.0016614112922143098
0.0016614184105318008
0.001661425318309373
0.0016614323314200208
0.0016614391129236017
0.0016614461682340487
0.0016614532235877943
0.0016614599841469069
0.0016614669553427497
0.0016614738212775704
0.001661480897857337
0.0016614878481151507
0.001661494756291182
0.0016615017487523476
0.0016615087833786735
0.0016615161550398438
0.0016615231265689756
0.0016615302455769143
0.001661537238252797
0.0016615463162183985
0.0016615523190252057
0.0016615583429115954
0.0016615643878782338
0.00166157045392612
0.0016615765410559202
0.0016615826492685226
0.0016615897686209635
0.0016615968880183685
0.0016616038810670641
0.0016616100315234306
0.0016616162030655968
0.0016616231962173211
0.0016616293678105576
0.0016616366559719653
0.0016616428486874169
0.0016616499894606118
0.00166165727775347
0.001661663533761848
0.0016616726972192852
0.0016616789533101528
0.0016616852304923713
0.0016616915287666068
0.0016616986487710816
0.0016617059795170919
0.001661712298955842
0.0016617195244382765
0.0016617259282188934
0.001661732289884199
0.0016617387147878082
0.001661746024713473
0.00166175325040252
0.0016617596964801917
0.0016617661425851749
0.0016617736212656276
0.0016617810367821617
0.001661788199475711
0.0016617946878717538
0.0016618020403099676
0.0016618094981678544
0.001661816092043189
0.0016618236553688215
0.0016618344010155273
0.0016618418169709326
0.0016618493383545596
0.0016618568176425264
0.0016618642548332785
0.0016618716920770993
0.0016618788975353294
0.0016618854707449726
0.0016618911166064176
0.001661896783551553
0.0016619024715809338
0.0016619081806956704
0.0016619139108963177
0.001661919662183875
0.0016619262987749295
0.0016619329353981804
0.0016619395088167677
0.001661947094070082
0.0016619528876203882
0.0016619596086924204
0.0016619654233555048
0.0016619721023238831
0.001661979751034215
0.001661986451162667
0.0016619937626789483
0.0016619996196254316
0.0016620069101406232
0.0016620136947371744
0.001662019530667913
0.0016620254720227656
0.0016620331421824952
0.001662040475071902
0.0016620482085953903
0.0016620550566669445
0.0016620609349164983
0.001662067825219271
0.0016620746312229207
0.0016620821752288961
0.0016620898458005184
0.001662097305578536
0.001662105018436777
0.0016621125626685718
0.0016621195376314013
0.0016621270608809802
0.0016621347950521725
0.001662144384933173
0.0016621521825115337
0.0016621591366535737
0.001662166744555993
0.0016621738253154161
0.0016621797884391887
0.0016621876495485077
0.0016621946882571237
0.0016622025073054214
0.0016622104318636532
0.0016622175129011874
0.001662225247770266
0.0016622329405197034
0.0016622406755096852
0.0016622479043822969
0.001662257537679901
0.0016622654837832318
0.0016622733244947563
0.0016622793935543445
0.001662287339830426
0.0016622951807108155
0.0016623023466889597
0.0016623095759920048
0.0016623168686222822
0.0016623247308260591
0.0016623327829378143
0.001662340771836357
0.0016623488873681591
0.0016623562224706845
0.0016623644014180927
0.0016623717999175724
0.0016623799368084002
0.0016623880737705043
0.0016623955568287885
0.0016624028711714756
0.0016624107762661655
0.001662418175103042
0.001662426249097848
0.0016624344708434657
0.0016624426293695427
0.0016624501128351676
0.0016624581238088298
0.0016624663458346678
0.001662472225977707
0.001662478127232303
0.0016624840495991222
0.0016624899930791637
0.0016624959576729825
0.001662501943381689
0.0016625100602406517
0.0016625160882086654
0.001662522137293787
0.001662529726781381
0.0016625357759202375
0.0016625418461778674
0.0016625479375547147
0.0016625540500518898
0.0016625601836701698
0.0016625677311959963
0.0016625738859737949
0.0016625800618745856
0.0016625863011063835
0.001662592350424763
0.0016625985896976392
0.0016626049134101928
0.001662610751737792
0.001662616611181833
0.0016626224917429822
0.0016626283934222386
0.0016626343162203794
0.0016626402601380708
0.0016626478503675157
0.001662655525080603
0.0016626615112983467
0.0016626675186385276
0.0016626735259944736
0.0016626811586629708
0.0016626871871796567
0.0016626935112287189
0.0016627018617249023
0.0016627079325420846
0.0016627161776162636
0.0016627225651374422
0.0016627290160132757
0.001662737409031334
0.0016627434800029484
0.00166274957210244
0.0016627556853305858
0.0016627621574649698
0.0016627683762914236
0.001662774911812881
0.001662783368543641
0.001662791149765419
0.0016627996277586155
0.0016628057834359167
0.001662811960245758
0.00166281817930225
0.0016628260663473782
0.0016628322010128205
0.0016628405526737389
0.001662846412919583
0.0016628522942920831
0.0016628581967917944
0.0016628641204196049
0.0016628700651765138
0.0016628760310631874
0.001662882377052033
0.001662888786414296
0.0016628950479870008
0.0016629029566928022
0.0016629092183314542
0.0016629152265842384
0.0016629218261462464
0.0016629278555561067
0.0016629338849820652
0.0016629399355428953
0.0016629483514178922
0.0016629546343520651
0.0016629625646126245
0.001662969079928911
0.001662975172877612
0.0016629812658442988
0.0016629873799491879
0.0016629935151931674
0.001662999861665404
0.0016630060603137764
0.001663012258982799
0.0016630185210376736
0.0016630247197488846
0.0016630309396029608
0.001663037243968546
0.0016630439919372852
0.0016630520073280808
0.0016630582906684843
0.0016630669187589486
0.0016630733500431205
0.0016630836893343215
0.0016630899728511395
0.0016630964253889768
0.0016631067438368508
0.0016631131753540584
0.001663119839279581
0.0016631302213901966
0.0016631388712866624
0.0016631454086258879
0.0016631536361298993
0.0016631617580723512
0.001663168295542472
0.001663174600639472
0.001663180821248611
0.0016631874855682627
0.0016631957556744181
0.001663202124279839
0.0016632084717813633
0.001663215093986592
0.0016632216317056248
0.0016632298387013744
0.00166323851062955
0.0016632448583140391
0.0016632515441115103
0.0016632579552416926
0.0016632643030047856
0.0016632709888941832
0.0016632774635003678
0.001663283959266404
0.0016632903916640185
0.0016632991909238948
0.0016633055388748375
0.0016633121193132538
0.0016633186363823604
0.0016633273725040754
0.0016633336783214991
0.0016633403857102547
0.0016633471776704711
0.001663354265551864
0.0016633611209927457
0.0016633677228488075
0.001663374451548738
0.0016633808209752798
0.0016633877188275692
0.001663396540122597
0.0016634032267115462
0.0016634099556075421
0.0016634182698227473
0.0016634274296097873
0.0016634363358422055
0.0016634431706460395
0.0016634520981717582
0.001663459017630986
0.001663466000545788
0.0016634732160313304
0.0016634797128265433
0.0016634864844650155
0.0016634935732370293
0.0016635003026702622
0.0016635070955590692
0.0016635160448357222
0.001663522880106516
0.0016635296942733024
0.001663536635325702
0.0016635438301195737
0.0016635504541239188
0.0016635572472986082
0.001663564167365128
0.0016635711508995454
0.001663578345906802
0.0016635852872390888
0.001663594364127885
0.0016636013055676413
0.001663608014460194
0.0016636153577231916
0.001663624667505581
0.0016636317360083641
0.0016636407922200336
0.0016636480088545458
0.0016636571709616188
0.0016636641339611291
0.0016636728310122084
0.0016636820356710214
0.0016636892949017934
0.0016636963427076878
0.0016637033482609365
0.0016637105441864586
0.001663719897267657
0.001663727368243384
0.0016637347335293207
0.0016637419719723878
0.0016637527423845055
0.001663759832922107
0.0016637671773007678
0.0016637743948294537
0.001663786498131481
0.0016637932293538382
0.0016638005951369328
0.0016638076225523601
0.0016638142904356057
0.001663823094673833
0.0016638307144893894
0.00166383778440371
0.0016638450870390953
0.0016638543992403276
0.0016638615327756456
0.001663868687509118
0.001663875926902425
0.0016638835259598084
0.001663891040457277
0.0016638983434650312
0.0016639058580691923
0.0016639146631836077
0.001663921966361226
0.0016639292484325052
0.0016639366574874304
0.001663943453067196
0.0016639513276585083
0.0016639589272774424
0.0016639663153837914
0.0016639737458561399
0.0016639811340659616
0.0016639886704314932
0.0016639962914845041
0.0016640037010118292
0.0016640105181506826
0.0016640184355869447
0.0016640259087464804
0.0016640328106555247
0.0016640403262343506
0.0016640477360679862
0.0016640552517548368
0.0016640621961624413
0.0016640698600768333
0.0016640792804181181
0.0016640867751817057
0.00166409439696924
0.0016641002200535882
0.0016641060643107775
0.0016641119297415852
0.0016641178163468995
0.0016641237241274975
0.0016641296530842675
0.0016641374867732983
0.0016641434581092795
0.0016641494506238752
0.0016641554431535699
0.0016641649278645865
0.0016641724866739427
0.0016641785004798404
0.0016641860805460817
0.0016641921367351875
0.001664199801558519
0.0016642093502408084
0.0016642163378755015
0.0016642259502401835
0.001664232006637567
0.0016642380842191162
0.001664244182985497
0.0016642532664505882
0.0016642611857587974
0.0016642689146156853
0.0016642765588577024
0.001664285642653307
0.00166429339287677
0.001664299597780028
0.001664307305765278
0.0016643150349803237
0.0016643212188143242
0.0016643273814975768
0.001664335216707724
0.0016643414006229929
0.0016643476480727726
0.0016643538955443127
0.001664361921492441
0.0016643689312352272
0.0016643768937880665
0.0016643880958622237
0.001664395995070178
0.0016644057364338938
0.0016644121112863175
0.0016644184014676933
0.0016644281219061474
0.0016644359155715271
0.0016644456362090443
0.001664455356958583
0.0016644625791243373
0.0016644706271879972
0.0016644830163878854
0.0016644910222926024
0.0016645002353248284
0.001664508389617514
0.0016645162686799164
0.0016645226653941858
0.0016645290833116055
0.0016645354165436554
0.0016645419192246047
0.0016645483160417918
0.0016645547764205793
0.0016645630158601543
0.0016645687562220068
0.0016645745177719107
0.001664580300510421
0.0016645861044386479
0.0016645919295572575
0.0016645977758671382
0.001664604321157892
0.0016646116078192774
0.0016646174965534444
0.0016646234064815468
0.0016646313922590306
0.0016646380224373258
0.0016646439324403683
0.0016646498636390117
0.0016646579131618378
0.0016646679116245622
0.0016646745843719168
0.00166468055808211
0.0016646885443067916
0.001664695090053292
0.0016647010638406456
0.001664707058827375
0.001664713075014479
0.0016647225232827578
0.0016647286454750665
0.001664734704127202
0.0016647414407614525
0.0016647475206424955
0.0016647536641017924
0.0016647608669420055
0.001664767031640313
0.0016647731963580492
0.0016647812892097713
0.0016647887041039144
0.0016647953986368424
0.0016648021567697846
0.001664810694828267
0.0016648161604975176
0.001664821647357817
0.0016648271554097205
0.0016648326846543382
0.0016648382350923363
0.001664843806724603
0.0016648521967780328
0.0016648603538036433
0.0016648666460346018
0.0016648724296818296
0.0016648782345306534
0.0016648840605820725
0.001664889907836864
0.001664895776295916
0.0016649016659598947
0.0016649078735399003
0.001664914610987167
0.0016649202251791673
0.001664925860570654
0.0016649327676494519
0.001664938699798224
0.0016649446531556977
0.001664950288594258
0.001664959887652584
0.0016649667101340526
0.0016649726636017714
0.0016649783203305235
0.001664983998262315
0.0016649896973980338
0.0016649954177384574
0.001665002325159537
0.0016650107800738612
0.0016650167548681871
0.0016650227508755444
0.0016650287680965992
0.001665035018523442
0.0016650410569780671
0.0016650468198531332
0.0016650541727325496
0.0016650602536493198
0.0016650683910309771
0.001665075214035805
0.0016650822702886092
0.0016650891357721243
0.0016650953652453948
0.0016651028032464987
0.0016651091599904078
0.001665115537961226
0.0016651236969836836
0.0016651294601411903
0.0016651355413563884
0.001665141622588795
0.0016651478098572703
0.001665154802900859
0.0016651609690154778
0.0016651692344080704
0.0016651750401053267
0.0016651814819681476
0.0016651878178300938
0.0016651953624430282
0.0016652035857037673
0.001665209752027108
0.0016652156638912174
0.0016652215545611693
0.0016652274452432225
0.001665233844915126
0.0016652400537433554
0.0016652459868886638
0.0016652545286589548
0.0016652610132859014
0.0016652680493687289
0.0016652751067026683
0.0016652815490085793
0.001665289815367177
0.0016652964062191522
0.0016653049060157965
0.001665314742149926
0.0016653248541382837
0.0016653350935147415
0.0016653410059188634
0.0016653476395281919
0.0016653541458980792
0.0016653604401754007
0.001665367604182344
0.0016653749379358374
0.0016653812535188939
0.0016653876115516608
0.0016653940120355815
0.0016654031915462886
0.0016654104194644415
0.001665417583786688
0.0016654264028913568
0.001665432718731652
0.0016654410712477752
0.0016654496996404422
0.001665457224901079
0.001665467656803199
0.0016654748639675088
0.0016654809042701002
0.001665487199190241
0.0016654973768562842
0.001665504075001878
0.001665511664320607
0.001665517726007315
0.0016655238513650916
0.001665530188925679
0.0016655367174784885
0.0016655431399650311
0.00166555166318616
0.0016655583191672596
0.001665564317365531
0.0016655715039048946
0.0016655780114377405
0.0016655852192807297
0.0016655918329838704
0.0016655982981693684
0.0016656043389522424
0.0016656128839196427
0.0016656197099828018
0.001665627045418172
0.0016656331499926846
0.0016656420135584549
0.0016656481182042437
0.0016656548595705978
0.0016656616221948362
0.0016656684697499147
0.0016656759752938788
0.0016656834384430885
0.0016656921326841934
0.0016656984073507575
0.0016657058069836639
0.0016657125698987807
0.0016657188871045392
0.0016657256713097368
0.0016657326890414659
0.0016657391973727842
0.0016657448141973452
0.0016657504522542554
0.001665756111544181
0.0016657617920680101
0.00166576749382652
0.0016657732168207096
0.0016657807654891776
0.0016657869343306153
0.001665793145649963
0.0016658036028919243
0.0016658093684819297
0.0016658151553107237
0.0016658217913625428
0.001665829573899269
0.0016658381845022774
0.0016658439714425377
0.001665849779623474
0.0016658563733882303
0.0016658633281274593
0.001665869178827939
0.001665876813074063
0.0016658827062854265
0.001665888578275987
0.001665894471511331
0.0016659003859925692
0.0016659080416694394
0.0016659157398728475
0.0016659227586315328
0.0016659314549785087
0.0016659383464318056
0.0016659460661008207
0.0016659527452852485
0.0016659590210205133
0.0016659656790287691
0.0016659716150303483
0.0016659786978273639
0.0016659865451987832
0.0016659925025171995
0.0016659989483127635
0.0016660050118540992
0.0016660129443640814
0.0016660201973114352
0.0016660272591586534
0.0016660344272430017
0.0016660408095222623
0.0016660486573502054
0.0016660563565630282
0.001666062399112711
0.0016660685266396413
0.0016660745904629737
0.0016660813340103608
0.0016660892883366696
0.0016660959894855276
0.0016661028181177429
0.0016661106876426635
0.0016661170277897375
0.0016661234529306013
0.0016661305153813366
0.0016661383426253007
0.0016661447678706365
0.0016661519154251847
0.001666159063024586
0.0016661669542150648
0.0016661738894691025
0.0016661799537281974
0.0016661864641490665
0.0016661921247865807
0.00166619780667554
0.0016662035098169437
0.0016662092342115686
0.0016662149798603032
0.0016662207467639245
0.001666227894728145
0.0016662343203313057
0.0016662404272478337
0.0016662469378899702
0.0016662542559864324
0.0016662600655001913
0.0016662658962725008
0.0016662727257530374
0.0016662806389775575
0.0016662879360329619
0.0016662959768772856
0.0016663018077898162
0.0016663079362164712
0.0016663141071625587
0.0016663231894915587
0.0016663290417475718
0.0016663349152657991
0.0016663408100472399
0.0016663467260926712
0.0016663526846552035
0.0016663601309060416
0.0016663682572979344
0.0016663752360955852
0.001666381704853781
0.0016663886624719293
0.0016663969166164083
0.0016664031729437534
0.0016664093442749772
0.0016664168334173945
0.0016664242801035511
0.0016664305790579093
0.0016664386422448052
0.0016664446011742662
0.0016664506663980339
0.0016664566678690207
0.0016664637321874842
0.0016664726884149106
0.0016664787537544745
0.0016664851167152994
0.0016664940306314602
0.0016665003298999004
0.0016665083936310277
0.001666514756743398
0.001666523755979754
0.0016665298215470248
0.001666535929649604
0.0016665440787009267
0.0016665504632450423
0.0016665579746074632
0.0016665661238400853
0.0016665736565799616
0.0016665799987537477
0.0016665867661785905
0.0016665924280327982
0.0016665981111549932
0.0016666038155457308
0.001666609541206121
0.0016666152881368301
0.0016666210563387462
0.0016666280790842425
0.0016666341662736617
0.0016666412528815178
0.0016666477654007084
0.0016666549584093415
0.0016666607692589208
0.0016666678772813137
0.0016666737094326312
0.0016666795415943847
0.0016666866709803552
0.0016666932262263678
0.0016667008448193465
0.001666707442670945
0.0016667164224468678
0.0016667222760387013
0.0016667288102002464
0.0016667349403034493
0.001666742601722171
0.0016667493273938572
0.0016667558829506213
0.0016667617579333438
0.0016667676541967102
0.0016667735717414978
0.0016667798083440655
0.0016667857684580234
0.001666794025771634
0.001666802176806259
0.001666808434810929
0.001666815564951074
0.0016668218868240992
0.0016668300168085626
0.00166683744489049
0.0016668452346514373
0.001666852556479692
0.0016668591550840217
0.001666864775160093
0.0016668704165142545
0.0016668760791473947
0.0016668817630601795
0.0016668874682536083
0.0016668931947283472
0.0016668992403309213
0.0016669095834908054
0.001666917373750465
0.0016669235684081407
0.0016669308055993204
0.0016669367875493668
0.0016669427907901602
0.0016669488578754388
0.0016669555845612027
0.0016669613538075057
0.0016669671443400036
0.0016669738711019289
0.0016669799595572243
0.0016669863672037488
0.001666994647389508
0.0016670009061592328
0.0016670086544888774
0.0016670160411291768
0.0016670225979128483
0.0016670283886472959
0.0016670344773143109
0.001667040800083841
0.0016670466121376792
0.0016670543820591632
0.0016670607049102948
0.001667067432135183
0.0016670741806756872
0.0016670815889978652
0.0016670874437523242
0.001667094809591485
0.0016671015369907893
0.001667108966772135
0.0016671148641889122
0.0016671257420365349
0.0016671316182581553
0.0016671375157755186
0.001667143434589513
0.00166715099235748
0.0016671577413418515
0.0016671646606446489
0.001667171175556037
0.0016671772647742777
0.0016671849079124001
0.0016671912739109063
0.0016671972993432815
0.0016672032609293952
0.0016672099463025392
0.001667218292151218
0.0016672253607952214
0.0016672331958600406
0.0016672391788823404
0.0016672455664068497
0.001667254891854597
0.001667262578120221
0.0016672686251393287
0.0016672748424940709
0.001667281081159322
0.0016672871282307211
0.0016672933030628112
0.0016672996269514462
0.0016673061850680515
0.001667313147754479
0.0016673200253131126
0.0016673265196501807
0.0016673327159203444
0.001667340530457806
0.001667346577737483
0.001667352710206127
0.0016673592898577283
0.0016673677221035188
0.001667373961132812
0.0016673810519589605
0.0016673891010886566
0.0016673962346033244
0.0016674040283144453
0.0016674103101057547
0.0016674183594694858
0.0016674269413029519
0.0016674333935838836
0.0016674410385021377
0.0016674474056638244
0.0016674541136045828
0.0016674622059131838
0.0016674707029478153
0.0016674768146848207
0.0016674833311068893
0.001667489868855565
0.0016674960232535563
0.0016675028379431467
0.0016675108241356318
0.0016675232833277542
0.0016675301195137049
0.0016675369983365496
0.0016675464332588374
0.001667552673166317
0.0016675589343956299
0.0016675658985909614
0.001667573054540572
0.0016675826389522808
0.0016675888151227447
0.0016675951617319829
0.0016676017213922423
0.0016676085793239093
0.0016676157994486296
0.0016676229131018516
0.0016676292811639293
0.0016676356705541684
0.0016676423795354278
0.0016676503881355442
0.001667657438079173
0.0016676659794317983
0.0016676722411747003
0.001667679525617194
0.001667686511822697
0.0016676930719414784
0.0016676993977163823
0.0016677072576120056
0.0016677150536491547
0.0016677217204519312
0.001667731178601417
0.0016677376324242266
0.0016677457696293585
0.0016677532250303218
0.0016677595937318879
0.001667769307992284
0.0016677756980952863
0.001667783835617831
0.0016677918240409761
0.0016677982142618841
0.0016678047749916214
0.0016678115488585332
0.001667821306312267
0.0016678279737307733
0.0016678343854416022
0.0016678412234160112
0.0016678493401588446
0.0016678563060976703
0.0016678634212654586
0.0016678707709203433
0.0016678778861785037
0.0016678844686405236
0.0016678926923000548
0.0016679013849434376
0.0016679095021822077
0.0016679160635174606
0.0016679226035667405
0.0016679293994278366
0.0016679366216350022
0.0016679431830982638
0.0016679497232745533
0.0016679569029706132
0.0016679635071623622
0.0016679700047997903
0.0016679766090507142
0.0016679839594438972
0.0016679911606625186
0.001667997850293923
0.0016680052647808363
0.0016680122103098771
0.0016680191558781088
0.0016680272314009148
0.001668036074491952
0.0016680428496596011
0.0016680510106613644
0.0016680580204394557
0.0016680660749652798
0.0016680728289887314
0.001668079625688601
0.0016680872539577285
0.0016680954792904767
0.0016681052185536505
0.0016681118448846899
0.0016681201983690386
0.0016681284879609404
0.0016681351783980336
0.0016681418901908218
0.0016681488792237298
0.0016681562094791325
0.001668162857410227
0.0016681696759683895
0.0016681766864847791
0.0016681854456925826
0.0016681928401687252
0.0016681996375799146
0.001668207074801642
0.0016682145120753278
0.001668222951741738
0.0016682299412722479
0.001668237037477871
0.001668244538943986
0.001668251741878568
0.00166825864626996
0.001668265614683695
0.0016682726257937208
0.0016682798289022749
0.0016682870533856198
0.0016682939366483573
0.001668301459832544
0.0016683124384888615
0.001668319961826592
0.001668328914348538
0.0016683362671686686
0.0016683445799271501
0.001668351826203729
0.0016683587738874905
0.001668367748121069
0.0016683753998646411
0.0016683823477016135
0.0016683892529125721
0.0016684002540604537
0.0016684072660665406
0.0016684148754476658
0.0016684217595414053
0.0016684305850593883
0.0016684388773106074
0.0016684459109018723
0.001668454395298058
0.0016684617063466023
0.0016684695508265568
0.001668476456603063
0.0016684834690969819
0.001668490502967801
0.0016684979636086839
0.0016685049335578572
0.0016685126290042485
0.0016685198550895342
0.0016685269318583718
0.001668536313154667
0.001668543539405376
0.0016685526221416058
0.001668561150167669
0.0016685699983581825
0.0016685791667258032
0.0016685862012408847
0.001668593299816723
0.0016686008252367879
0.001668608713496611
0.0016686158762394543
0.0016686229750042525
0.0016686303512474243
0.0016686379836382548
0.001668645295960114
0.0016686526083307118
0.001668659878065415
0.0016686715230731508
0.001668679390559591
0.0016686869806487037
0.0016686946348237752
0.0016687045514864884
0.0016687135291317823
0.001668722208049922
0.001668729606381425
0.0016687372609013318
0.001668744787408416
0.0016687522499335694
0.0016687595417462786
0.001668769800688752
0.0016687790778320277
0.0016687863058143515
0.0016687951561958903
0.0016688044763008003
0.0016688117471654884
0.0016688190821205762
0.0016688293204342175
0.001668836719569966
0.0016688443535892716
0.0016688520944091456
0.0016688595364030556
0.0016688668717027566
0.0016688747407900273
0.001668882246993686
0.0016688897105506806
0.0016688973663137041
0.0016689053423941669
0.0016689132117858607
0.0016689207396212158
0.0016689287158923038
0.0016689363078973285
0.0016689441348308742
0.0016689517055985537
0.0016689634401799713
0.001668972164168614
0.0016689813153060173
0.0016689914701519815
0.001669000642849583
0.0016690099651224255
0.0016690176859252004
0.001669026410451746
0.001669034174095918
0.0016690417669594781
0.00166904950936686
0.0016690590670664918
0.001669066638769534
0.0016690744454466167
0.0016690825084632044
0.00166909027255302
0.0016690981221314516
0.001669107039640072
0.0016691151456492692
0.0016691228672854885
0.0016691308239209501
0.0016691388446972155
0.0016691467160294682
0.0016691559757615604
0.0016691638685975008
0.0016691731071512006
0.0016691832642778959
0.0016691935069681474
0.0016692014428578705
0.0016692109595043414
0.0016692187887396015
0.001669228177408888
0.0016692362844885622
0.0016692452888340537
0.0016692531824431533
0.0016692663312610767
0.001669274395967646
0.0016692822898389803
0.0016692913373876905
0.0016692991673110669
0.0016693070186604153
0.001669314955528467
0.0016693232129264546
0.0016693310217408275
0.0016693391083603126
0.0016693496093129756
0.001669354982689386
0.0016693603774293742
0.001669365793533828
0.0016693712310034137
0.0016693766898392415
0.0016693821700418665
0.0016693913040236597
0.0016693991560573496
0.0016694094868050513
0.0016694198176803177
0.001669427947753821
0.0016694361206344155
0.0016694444431675226
0.0016694499664259288
0.001669458182225525
0.0016694637268922508
0.0016694727121183695
0.0016694809281094791
0.0016694892510252801
0.00166949479581735
0.0016695031188466158
0.0016695086850508911
0.0016695171791667462
0.0016695227881587948
0.0016695333768670384
0.0016695389859320287
0.0016695446163738081
0.001669550268193043
0.0016695582710773982
0.001669567428200236
0.0016695754953544029
0.0016695841183036464
0.0016695924634685388
0.0016696007873342467
0.0016696064607811811
0.0016696151695162476
0.0016696209498916481
0.0016696266661481163
0.0016696349475394667
0.0016696407279719327
0.0016696465297895147
0.0016696546189450823
0.0016696604208105148
0.001669668681093417
0.001669676642161333
0.0016696848384528673
0.0016696940182180375
0.0016696998202642144
0.00166970797399435
0.0016697138616057483
0.0016697219085501924
0.0016697303403968577
0.0016697389219813008
0.0016697447883540217
0.0016697506547374008
0.0016697566494162652
0.0016697671982838225
0.0016697780252423744
0.0016697840414676701
0.0016697936284916226
0.0016698023817168783
0.00166980831253849
0.0016698137301855986
0.0016698191692147146
0.001669824629626615
0.001669830111422188
0.0016698356146022109
0.0016698411391675716
0.0016698472411148524
0.0016698556740152304
0.0016698644063837254
0.001669869973813909
0.001669875562632428
0.0016698815791714727
0.0016698876598835177
0.0016698937192252128
0.0016698993080753732
0.0016699093026456557
0.0016699149129474344
0.0016699203521528538
0.0016699258127454986
0.0016699312947262568
0.0016699367980959057
0.0016699423228553334
0.0016699478690053171
0.00166995352210364
0.0016699591752069587
0.0016699648497050523
0.001669970545598809
0.0016699767762569095
0.001669982365216871
0.0016699879755710523
0.0016699968587783331
0.001670005378420547
0.0016700176416956092
0.0016700264824268674
0.0016700320930107537
0.0016700383667680452
0.001670044169904017
0.001670049908869431
0.0016700555408750706
0.0016700611942789267
0.0016700668690816656
0.0016700725652841752
0.0016700783256764495
0.001670089071067249
0.0016700978482480089
0.001670103587372962
0.0016701094120877835
0.0016701176331562761
0.0016701237574683336
0.0016701328345132271
0.0016701386807405072
0.0016701445269778903
0.0016701542461418084
0.0016701605417996923
0.0016701663667259004
0.0016701721274670067
0.0016701820181165283
0.0016701878003259063
0.001670193646740703
0.0016701998569534915
0.0016702060671857089
0.0016702143746227804
0.001670222682134237
0.0016702289138804671
0.001670237842133604
0.0016702436887378047
0.0016702495353521085
0.0016702578859553174
0.0016702638182296559
0.0016702733888713794
0.0016702822747447499
0.001670288613792481
0.0016702975640204842
0.0016703039031481515
0.0016703128963313496
0.0016703194067697602
0.0016703253179221056
0.0016703316785769973
0.0016703380820646263
0.0016703465832560438
0.0016703526015272585
0.003334196561616931
0.0033276810495541653
